0100100001100101011011000110110001101111
0100100001100101011011000110110001101111
0100100001100101011011000110110001101111
0100100001100101011011000110110001101111
0100100001100101011011000110110001101111
0100100001100101011011000110110001101111
0100100001100101011011000110110001101111
0100100001100101011011000110110001101111
0100100001100101011011000110110001101111
0100100001100101011011000110110001101111
0100100001100101011011000110110001101111
0100100001100101011011000110110001101111
0100100001100101011011000110110001101111
0100100001100101011011000110110001101111
0100100001100101011011000110110001101111
0100100001100101011011000110110001101111
0100100001100101011011000110110001101111
0100100001100101011011000110110001101111
0100100001100101011011000110110001101111
0100100001100101011011000110110001101111